start=432.640000
pause=yes
panscan=1.000000
sub-pos=96
