start=96.263000
pause=yes
volume=75.000000
