start=494.933333
volume=65.000000
deinterlace=yes
