start=517.034000
sub-delay=-0.100000
