start=67.167000
ab-loop-a=60.794000
