start=306.055744
panscan=1.000000
