start=1533.198333
volume=105.000000
