start=404.771033
volume=85.000000
deinterlace=yes
