start=12.600000
ab-loop-a=0.200000
