start=1321.420000
pause=yes
volume=105.000000
