start=842.800000
sid=no
ab-loop-a=476.100000
