start=5029.232542
pause=yes
volume=95.000000
